12
46.093804 -43.152018 -99.836163 68.937985 5.173989 45.852956 -20.403301 66.143903 26.423867 33.688566 -77.169406 -27.168140 
-6.159461 62.928332 -66.014024 68.502141 39.631560 17.898267 -94.305088 -83.474863 -94.809771 99.031881 63.826843 -4.524552 
-24.015578 -83.003160 67.343897 -80.033544 71.706936 59.282207 -90.422647 17.800740 -83.869812 -90.258810 -13.261275 21.304178 
55.594146 66.335424 -12.551919 -17.981988 0.023990 10.278675 54.849872 93.864529 -26.792993 88.835848 62.366670 -87.161433 
6.734115 68.061582 -70.636296 11.924344 67.093463 93.190547 -92.600208 -56.922114 -89.812613 74.743689 -36.955658 81.894323 
34.025896 -27.378305 -0.304937 50.156084 -17.637115 86.433788 -28.539739 -62.042969 52.769212 58.908342 19.975044 -47.206798 
-30.812983 -25.175084 -53.342269 42.394024 -36.339236 -90.975599 55.232591 70.394879 77.085983 84.596295 -17.680777 44.179446 
77.786842 -10.280985 87.257332 87.974229 -35.537297 -49.698326 69.868552 98.488599 22.923369 -30.436385 48.644683 -94.713746 
-44.002596 -79.895056 -56.756714 -91.233385 79.013286 63.218329 -38.440182 -51.799696 -61.956755 8.217548 90.594328 1.704009 
17.241949 45.826919 -27.901112 -5.672068 30.423213 54.418111 -61.492622 8.210055 -55.862875 -74.235290 -3.815716 8.599828 
-23.933616 -33.947164 7.088427 98.989753 35.616452 -44.266890 -95.723992 91.613855 -24.161946 -52.480707 -99.619529 -45.148660 
-89.262378 -38.059712 3.051644 -51.219133 70.157837 -6.354029 50.484876 -12.600214 -60.527110 -77.416237 81.727718 69.896103 
77.001874
-79.764904
-21.893842
-78.861001
-54.000194
74.290442
29.738827
22.066190
-59.656722
-63.172746
21.055943
75.959730
