13
-8599.401807 65.692173 88.351976 -68.343595 -50.806333 97.964255 85.234544 -63.021336 0.405630 17.416431 -82.044665 75.313084 -12.998739 
-69.810019 -14548.753006 60.721502 -53.722666 83.155733 -1.594466 1.815891 -80.311567 3.491063 74.297382 -83.906673 -19.459046 -48.184782 
-41.630454 -83.035039 4515.023562 93.340032 -34.076153 82.091991 -79.906654 8.868190 47.673216 43.739278 -73.955723 26.163888 -63.538469 
-91.046660 -21.216467 14.834667 -11062.866704 42.662080 21.576627 38.367329 39.692973 -80.200584 68.777824 -51.118420 52.711229 -82.377255 
85.469715 89.500191 29.707978 -98.015636 7681.519972 88.707850 -87.172372 93.947241 -28.717604 -56.765176 -52.318674 80.042542 75.008800 
72.894704 -58.705903 -70.116614 -49.923296 -60.833803 -5059.490660 -99.063510 39.583043 72.198684 43.287271 -70.829226 -26.802441 -68.628648 
-41.691665 88.180896 56.310950 18.132173 -52.567623 95.966924 -12586.300153 -52.977820 1.776158 51.895649 10.179959 94.575768 -65.063174 
83.241523 40.282587 29.446429 -93.866545 -15.024258 87.300985 67.659947 -5890.661888 -29.029038 -91.034676 -19.798593 45.042762 33.698502 
-29.272765 12.645219 -71.805169 -29.473054 46.379795 -94.780846 18.312934 -14.522908 -12976.348329 43.424194 30.422304 -92.344843 -39.780001 
17.528868 7.688542 21.332326 -67.596429 -93.176152 -11.594409 -67.233439 7.583559 56.869550 979.335958 -68.670345 57.513317 26.324750 
40.066704 1.099378 77.246227 77.337385 9.430562 99.452583 99.567612 32.852999 -39.644300 98.254962 -4328.556587 -0.337015 -64.211878 
-9.025343 -88.935097 67.827475 -23.631430 26.554270 97.615240 19.342609 91.229324 91.241292 92.399331 -44.447141 -3463.933588 77.787885 
-19.015805 1.366711 -29.680574 -41.408794 42.391862 80.019070 80.515961 31.760675 1.665663 -5.206294 97.814601 -29.996182 8124.450204 
-82.436088
96.669005
-84.036951
-9.029851
35.286865
66.347557
-96.603051
-7.483066
32.115721
-31.083094
-13.562712
51.506686
72.879458
