16
8.224776 -73.072913 50.641795 85.695242 54.940897 -14.510973 -48.106329 -12.229451 -12.084215 -44.044123 59.437853 -11.186888 19.456157 -39.575249 3.030073 15.916214 
30.666043 23.263136 -58.929019 -67.330420 -18.452624 56.619941 -64.061140 7.387677 -49.639878 -59.917583 -33.581931 -34.796724 -74.628395 -45.813876 53.254251 33.596381 
-18.886788 3.896046 19.291622 -63.945892 89.385074 71.185293 23.824657 -22.699141 -72.858830 -16.737491 66.113971 46.597326 43.687260 -30.855956 -37.486459 -25.646697 
92.407180 3.584521 7.022884 -26.045444 -39.795538 42.961743 81.342233 10.564584 83.044160 -52.239699 75.767860 -91.584236 1.946426 29.022111 42.012145 83.059637 
-67.081843 -38.696233 -80.886255 -77.696769 -67.510940 42.938402 -0.395911 -40.369770 -73.799089 -34.281940 -93.772444 69.888171 34.862104 -31.258903 -55.758526 27.269284 
72.325618 51.264358 -98.776160 -67.469920 -5.773899 82.566073 43.094664 -22.729740 -69.673626 18.862524 -14.313975 32.272800 -52.115365 -72.301830 15.332437 -19.197208 
-10.998063 34.446182 3.106023 21.490997 -22.615416 -97.289888 81.121227 3.585495 -31.571828 87.348783 -26.526334 -96.709724 -43.910120 17.715140 30.559560 -71.584503 
-31.020502 31.783400 -39.054422 63.205598 14.349472 -95.959758 -59.524141 44.675846 22.902766 26.161884 -23.051354 70.787401 53.860054 92.281082 -48.409807 -57.138009 
26.727264 54.696216 64.352988 -95.888152 57.406328 45.474215 7.697343 -74.165500 32.822997 81.171008 -70.875224 88.912877 -1.113852 59.684336 -82.671626 67.865646 
-8.532264 -21.726048 31.071244 -94.182792 -17.685806 71.547103 50.493054 -94.783040 -2.291014 -72.558300 76.004361 -48.430960 -80.277218 -72.405446 -5.568969 46.450046 
82.290770 -41.215982 50.561894 39.697097 -95.741767 -41.740764 65.531597 37.081230 -60.569756 94.656373 25.994107 38.316393 54.340709 43.322481 6.182039 -54.191555 
-78.403567 -62.746717 -48.374347 3.910627 -91.199614 -97.881293 9.127587 6.509372 -70.439593 -14.868052 58.078412 -50.716812 12.726502 -47.490557 95.733234 -4.982729 
11.293461 46.295128 -65.285632 15.551694 -95.445636 -99.754035 -47.367075 -56.015392 94.902339 78.627032 82.301001 49.243048 21.949513 -11.516961 95.051493 43.545946 
25.736322 -53.322854 -52.543427 34.536707 -51.204146 56.584160 -58.953921 -21.643740 -58.283892 99.124492 27.639449 54.442610 -48.366066 23.372683 -50.540119 62.927396 
-30.332190 -15.825750 -21.520910 -25.777826 -15.579785 31.112014 18.206782 -20.677446 9.739046 0.507783 -71.434398 -68.311441 88.990822 -76.382905 75.234505 14.727144 
-29.705758 -77.308922 -50.736149 19.090095 79.275239 -9.690070 97.446356 -79.008653 -10.565578 25.085804 75.433957 41.068356 -51.541513 -75.106161 3.995752 18.126298 
9.068089
82.474842
92.348472
93.488304
13.586856
10.555254
-27.189142
-76.674098
-88.936964
1.376460
-44.985539
-99.946142
24.993555
-69.751034
14.781001
95.287797
