19
-17.720123 65.418121 -42.257936 44.726108 56.112393 46.992937 33.419536 71.706189 3.285359 8.160816 86.433144 -26.758949 -78.735464 14.015555 -23.611460 92.353221 -26.621660 14.373251 17.977914 
15.634642 96.646661 -33.789869 41.281814 -81.601660 35.616102 74.231378 92.905331 47.641584 98.357278 92.313604 96.612310 -19.362846 57.731726 -45.645627 -74.636737 13.844119 -98.652690 58.782798 
-14.449693 4.632669 -33.056386 -28.016548 77.873720 -11.791850 85.999006 -45.737741 -19.438630 -40.622654 68.635510 98.539285 75.011988 65.282172 -35.250584 16.293802 83.680512 -99.634482 -9.474819 
76.585843 48.007101 -11.117542 68.899447 44.619411 69.519613 26.631173 98.973784 94.882875 -59.524709 -99.678907 53.665673 26.025599 4.953762 -79.390713 98.009051 -17.172518 8.817437 84.008057 
37.089741 89.378807 -56.614598 5.725252 87.918092 -81.602610 -28.992576 -47.332492 34.691193 -45.312064 -46.966974 -74.783627 -68.726222 -98.959873 14.098832 -99.826774 45.659538 -16.381556 26.804399 
44.633322 -21.498681 67.279690 44.954416 -67.833007 -6.694711 -50.091822 -47.223720 -8.685661 32.735660 61.593717 -24.677604 -30.174599 50.972524 18.707798 75.550653 38.890616 37.105189 -53.441923 
91.558124 -28.203619 1.246013 -55.408850 -2.987245 32.519791 -54.368723 -88.888414 32.693017 91.290816 -5.269970 -40.502585 35.924138 73.231349 -73.222895 -19.121447 -94.601658 20.082394 30.786731 
-41.825378 -88.603266 -36.477609 -80.231662 -13.280870 33.347793 70.740862 -94.573072 8.898446 9.631478 42.532117 55.456523 1.189602 -85.671502 -43.297465 45.780752 11.341253 89.222326 91.412030 
22.452839 21.915343 82.702845 -82.817131 81.412758 18.626983 90.414219 -91.810137 99.505536 95.812560 28.272258 30.292267 -46.012818 39.668992 93.814658 -26.244480 -73.611879 27.162451 -55.503618 
-68.184950 -63.939104 54.127860 74.347167 91.517419 -44.682538 88.675665 -51.780046 -98.901785 0.016918 -62.557719 92.510245 -77.530243 59.357623 75.213090 -60.347374 40.770381 -6.159927 -69.933155 
48.960245 -6.654391 -74.120595 -22.767498 -76.362124 -20.133413 -83.098506 -82.547466 53.622107 -56.710385 44.614984 98.118488 -24.895335 80.675881 52.246349 -50.548168 72.193300 -92.436189 -61.872503 
-79.586746 -91.337974 38.144415 -42.144466 -98.827729 60.614172 -82.786842 76.385361 -99.733202 57.983539 -29.774567 -69.666357 6.943784 63.571042 -43.786952 84.176286 87.208918 36.079634 -98.922220 
-95.338548 -10.298259 -55.632605 49.276436 -12.179771 19.472060 29.952317 -59.933422 68.923892 2.145616 -52.369611 -92.948611 22.558870 -43.707585 45.195804 80.414404 -42.535315 5.809976 97.627562 
-66.149954 6.076775 55.611101 4.075479 36.410417 -37.445115 -32.353479 92.623465 -53.268830 -45.144560 28.703099 -52.191050 -40.483109 -81.595160 -7.823655 -91.206673 6.225069 -88.351595 38.745644 
46.291647 80.572297 -59.108740 93.922036 87.623685 63.450130 -49.785550 32.819489 43.864534 7.679135 -61.370534 41.492096 41.529181 44.706240 -2.896803 -54.395340 -18.883343 59.658081 13.251182 
-26.259878 -93.610748 68.106621 -97.556778 -45.801798 -72.376487 -79.151938 46.374547 -63.583160 27.073131 58.022952 75.162484 -26.635222 38.595249 -83.946256 -32.713186 26.218934 79.503874 17.501265 
-40.961577 23.368408 -74.819600 -2.332111 -35.139496 66.709581 -57.625871 61.963701 -87.685759 23.490786 21.621782 25.565423 97.230909 28.011034 -6.327956 99.674131 82.209236 21.295557 -79.477808 
28.583783 57.712397 47.595324 -13.393265 32.874881 -79.039898 -74.798017 48.928625 -11.753084 51.420917 28.432499 -94.251820 -89.540660 -48.199093 -69.071419 8.127229 16.661411 97.638162 50.501358 
-21.374889 -90.047597 -26.007855 -99.753107 35.517826 -28.776946 28.257927 -70.810130 -29.102816 10.467163 50.485427 -8.580624 -60.949054 8.197824 -60.985300 25.657681 -58.927294 -40.025198 50.859664 
90.001331
48.221718
2.280581
18.433830
53.969898
12.739921
70.234737
84.898479
-79.132849
-13.103853
82.536640
71.368509
65.521259
92.489043
-54.639346
65.768152
28.006869
16.583708
-5.973921
