8
-3.222299 56.086795 7.436938 95.535775 -92.118818 29.421505 -82.159678 8.090938 
20.391468 -57.052203 78.109892 -72.832186 46.339382 23.306006 71.466656 52.431160 
2.393813 -99.110852 -85.354140 69.730571 70.656618 -3.190452 -72.027594 -13.702733 
-83.472125 8.605014 99.970863 16.772383 -58.273060 12.658374 -28.624929 38.504640 
-31.254831 78.812009 34.040416 -23.373649 8.233513 51.880738 84.717288 -71.375019 
94.828535 62.827180 -44.207205 41.167917 -13.866814 -72.740550 -6.400923 88.526999 
-71.851401 8.244937 58.257570 98.805217 -94.945515 86.229976 -14.897517 -78.417640 
-5.165010 -14.926654 38.354743 36.561930 97.731720 -90.270186 -24.933430 -33.523111 
88.541823
-90.893014
43.103240
-3.224664
60.987724
27.820528
25.400316
55.816259
