9
57.885301 48.526654 35.067717 -35.002494 50.801200 60.918078 -14.258569 -82.369884 -44.615130 
47.917475 -97.408033 -82.114319 -88.386880 -50.334727 53.894906 58.141517 -59.221537 -61.809172 
-18.402534 61.198956 47.949848 -69.072888 -81.591286 81.274750 72.377826 -36.627794 -91.527515 
91.779365 -30.886998 -28.157260 -43.222954 -73.001697 -79.630606 91.844763 -8.004191 71.170594 
52.762840 77.737240 88.800711 -91.852290 25.654715 91.392678 -73.966609 37.267835 -58.942049 
79.928297 -4.590648 -18.163586 -81.880875 77.006819 -56.964630 66.068973 -92.066070 -38.555916 
47.343723 80.311756 24.816290 55.816208 72.091122 93.929292 -72.341053 -71.131832 -79.072405 
-51.971659 -79.287070 12.923405 -80.801064 73.475770 -9.339356 -92.000354 81.623480 -83.684641 
99.392324 -92.343129 53.583194 -59.549725 87.585169 -51.007453 22.286689 -94.295707 -74.000635 
65.322058
71.773267
-66.066704
-73.233858
19.116990
-85.754948
51.582432
-25.066802
86.336173
