20
224.311689 0.656517 34.088877 -68.239582 97.352551 4.318660 -16.278460 7.916115 46.138464 49.156327 -29.618991 -6.382417 -69.279108 26.031912 -81.647347 -46.965698 47.514692 -20.574391 6.209833 -31.339259 
81.081121 -695.909626 -15.307929 -80.365075 -95.813549 61.675215 -24.664138 69.832026 66.865898 15.146144 -38.750397 -77.921031 -18.765435 9.329974 8.873864 -56.971866 73.842457 70.168837 -72.358783 65.928713 
63.887724 -39.021433 -332.279528 -62.203013 -46.032356 -65.811652 -96.438670 -44.723063 -60.520340 34.646879 -89.902863 2.576949 -89.216096 -54.924618 81.953670 -4.676423 3.357222 24.831372 -59.127686 40.988207 
88.787596 53.118408 -38.912320 6.453268 46.007137 41.943319 -58.629376 16.078302 28.025498 24.542115 79.330520 -91.946509 55.015225 40.880912 85.495071 -84.338350 -74.652050 -77.011472 68.193629 -69.680583 
78.441565 -32.610648 -87.154690 -8.874561 452.510957 -64.833980 -64.699356 -2.078785 61.856538 22.834831 -14.995810 -34.572029 -52.094368 49.951395 -66.899597 18.479861 -8.979275 85.327614 -98.791522 10.893325 
84.105457 -39.587574 51.646047 15.111423 -22.318925 858.287468 -76.251715 37.433181 -60.523432 -17.324909 20.261193 -70.125619 -1.282147 50.958623 61.580939 -9.154857 -65.681614 89.118774 19.227530 -42.907573 
52.427241 -55.358986 -18.469488 -16.688350 -81.096725 7.343416 207.952703 -93.892101 -44.536968 67.180131 96.456819 -50.241065 -1.571665 -14.972199 -37.745368 13.608085 -88.913092 37.659424 -58.067840 53.812467 
26.139230 -77.960374 -80.004417 -34.237339 -26.950944 35.492106 -84.172365 -849.411626 -6.120283 -63.588887 61.573557 66.770581 13.147837 -24.296113 55.226095 -15.029163 4.862707 -72.477680 67.628112 25.671360 
58.546767 -4.491862 -94.717672 80.089841 69.965996 -81.504884 -52.588201 -49.886595 -439.969447 -56.649876 85.526356 41.460616 28.568772 -44.650443 -39.993358 31.630479 13.456645 -34.159510 81.118674 -38.441240 
-81.920912 -44.761979 85.425285 -57.230918 -80.041896 -64.137973 33.093027 -5.501568 -64.850145 636.160614 -4.856387 -21.298140 42.155240 -96.875336 16.233777 41.098362 -59.829972 37.668191 89.290171 99.902742 
65.387647 -29.816466 74.648474 16.906521 -52.099011 -28.072810 -19.724711 86.780770 -75.604472 -84.369043 94.962989 4.296436 10.197110 -17.175921 -75.710746 -70.499905 -91.898619 59.907214 60.549593 57.008768 
-53.630868 26.005472 73.963580 -94.114255 21.715136 -33.715136 -50.297668 47.101846 40.727847 -87.079463 55.472262 -776.894910 72.724499 80.652824 -67.981744 30.824167 61.766435 -91.531619 28.072313 11.367714 
57.169051 40.241433 -62.241825 -98.352408 -8.915597 -44.438304 -74.568751 -76.991407 5.425619 -11.619724 -92.709308 34.653828 268.916105 -32.703033 -39.871915 72.724103 73.991019 -32.947012 59.573914 58.774141 
16.995895 50.012911 -33.009608 7.522053 23.140785 -72.834850 64.679233 63.868499 37.859086 97.650768 16.464843 -75.378948 -93.975451 -454.054113 71.251906 -69.220965 3.235509 -20.804676 -64.194297 86.446706 
-90.204213 -62.201567 -21.740871 1.175187 -48.639641 -86.443599 -57.568860 40.169404 -72.823057 62.885165 -89.031660 44.885804 -4.298217 -40.140799 -464.015144 -70.251973 75.095166 -75.551720 2.245894 -53.251230 
6.584493 65.582137 38.974659 47.087944 7.074723 -95.129362 -39.179742 -93.918013 -80.041546 -58.271326 33.819019 -3.752050 -60.711255 25.937226 -73.050316 433.461740 -80.852995 -96.289521 62.028575 -85.744352 
94.682531 -70.708363 4.544222 -25.255628 -71.347429 63.761838 45.208858 25.278327 52.842233 -80.586357 -14.899526 -16.327745 -20.408025 2.332082 -4.692022 -58.821452 -121.487510 15.941974 -63.241150 -94.005370 
51.751929 -5.328735 39.949068 23.989454 -9.254961 51.875960 79.263849 -12.490059 79.582712 -53.366490 69.396879 -46.661733 -43.738249 91.244173 -59.189880 -4.304802 49.188079 -959.560893 66.007932 -4.690338 
-30.502518 -55.816134 98.239805 -83.603798 70.966483 -66.328261 20.910575 44.040585 -9.895667 83.519712 -84.206850 -64.535460 -47.481686 -24.692556 -7.786245 -63.423557 40.269613 11.378737 424.348642 2.762358 
26.945176 67.570484 57.128424 -42.579545 -34.413721 8.586300 -90.055417 38.612987 -31.530968 59.013421 38.564782 -41.702627 -96.047141 -64.299268 -77.789105 -1.483021 74.858584 -51.779319 -55.016739 -663.400916 
22.080099
-99.774750
85.772903
-14.811830
57.573246
33.544037
-25.365538
81.402461
-68.835806
76.616487
93.290567
-65.436924
1.623810
91.379985
23.414543
-71.781234
-27.203935
-16.539876
14.295720
68.173693
