10
10392.941220 94.420606 -72.870457 66.237473 53.205689 28.018507 -92.956732 76.209569 54.230312 48.854632 
99.792196 1115.833547 25.429498 -6.419338 -89.811578 -63.191710 -63.070354 -23.435565 -81.544902 74.835539 
-39.093812 -49.691484 5284.948754 -39.108581 -97.926699 -54.023776 22.403101 -71.081020 -58.706567 -81.277016 
-22.809188 45.976747 -68.818061 -3771.609002 3.783339 -13.424038 -17.798983 52.496051 -98.872053 57.408851 
70.561766 -68.402661 -43.518662 -18.159400 -756.497782 36.945230 -61.522205 -3.695797 84.745457 -83.103927 
72.292133 13.883054 -67.504655 49.255658 39.845750 13126.831319 17.693217 -30.107127 -10.486693 -49.844331 
66.324329 -86.998003 24.568777 -72.566012 -16.963700 91.100695 -10593.859700 -6.666553 -44.749624 93.076080 
-70.328346 -8.512352 -67.107753 -80.010506 63.421926 -67.683819 38.056955 3486.382658 37.555541 -4.024383 
-37.808354 -45.010100 -84.750701 -5.036643 -50.862202 -41.021615 -50.281066 -73.883394 6269.673529 96.019984 
7.865412 -6.015405 99.092607 49.447640 66.493441 -44.729915 24.322463 -12.367859 -66.613641 3680.374123 
-26.347379
-20.392249
67.470690
-20.120424
36.041742
-46.439501
91.304129
-51.510401
64.684898
-40.915893
