13
60.795856 -95.419918 -18.283016 -39.374591 65.426255 78.321718 95.776323 -57.073497 -90.294631 -15.998291 28.194860 -30.030824 -65.921571 
-6.427550 28.957591 -56.321605 48.050569 76.471600 -79.011017 -87.065906 48.614643 -19.099349 84.638766 18.135327 13.042053 3.484903 
93.149606 36.537750 25.864922 -52.539649 78.435492 -13.339222 -47.959567 -39.847524 47.286187 -82.533312 -61.525806 43.062510 -39.606810 
-51.820437 -72.935782 88.588050 18.148739 -38.857352 -17.839500 -52.893670 4.821043 -69.788931 -76.422071 25.810026 -56.854837 72.192573 
-93.289323 -72.216071 -9.672101 19.752730 31.268833 -16.522495 -43.709520 -42.866246 30.937856 -65.274028 43.794532 82.978289 -5.121552 
-8.919281 -99.555023 33.352641 -65.856772 -39.161833 81.532204 -38.792554 -50.573783 -0.319057 22.350094 31.586717 46.787273 -72.828863 
61.797786 70.365202 52.981163 -95.057051 42.557774 59.691840 -67.273122 -67.114327 -20.555430 63.995711 16.363179 35.735050 -78.870535 
-52.698965 70.461021 64.923997 -69.720676 -34.660531 -43.995284 -69.275699 98.692110 -9.852056 -8.437532 80.224315 51.355391 40.988684 
-20.094743 -26.294515 -27.424599 -73.307470 0.876621 -65.626813 97.057732 -46.142216 -60.683864 39.615506 -86.450377 -27.956986 72.501179 
-7.005807 -63.961275 -11.135643 -71.270758 -42.831809 36.165392 99.190264 -77.907812 66.444716 -35.470267 -21.903096 97.169017 -36.778157 
68.244849 -11.268516 -56.553843 19.600239 -70.279831 23.351415 93.305724 2.295570 50.043944 -5.817655 36.668757 47.101676 48.040129 
75.984893 -13.282818 61.589752 -51.972093 -40.781640 -45.416055 -15.933368 48.082718 -16.686813 41.234823 -15.751890 -17.496549 63.327011 
-49.307174 47.033184 -58.576085 -52.138157 -89.744973 -90.331236 36.593328 -46.298816 29.269003 66.313497 77.052599 22.574727 -31.390934 
27.096543
-83.242928
-94.722177
-25.801781
64.797201
81.262716
60.915401
26.386953
-70.709378
-79.866239
80.970897
13.357254
68.216479
