11
-11011.554704 -7.999407 -46.030176 -29.168591 -36.514583 99.395454 -60.602674 50.852443 77.007525 65.470065 -44.611718 
10.847510 -12886.130329 -47.949616 -89.188756 4.581870 7.493804 -51.636515 -54.907209 -25.465342 3.995521 -47.277839 
1.363198 -88.724269 1681.484383 4.720158 -68.306187 -22.076524 -40.132821 87.672017 -96.403292 -50.130311 59.858261 
37.790002 -63.430243 -72.095136 14557.021209 65.703046 71.088306 -18.835798 26.740535 28.164509 -39.092567 -28.771599 
35.740698 93.917646 73.875933 32.801827 -14953.776598 79.178121 -53.318378 78.015785 11.301662 -52.970123 -68.855523 
-54.773902 15.034779 89.526436 70.817802 34.799689 11756.953442 -72.556681 -60.137347 71.607065 99.941477 -83.593044 
51.707089 41.043559 19.100283 18.457198 10.131682 83.176935 -6787.337452 -98.537047 87.855424 -13.892278 -87.509110 
34.389705 -12.220338 12.784836 74.742255 -6.912799 16.591179 47.943207 -2777.425907 -1.314739 -96.816788 0.251011 
18.739390 -47.065068 -22.594942 46.817240 57.358959 32.028911 -90.099896 91.050717 13410.908602 47.605867 -88.196334 
84.207343 72.809498 -90.768689 50.639180 92.705715 -95.053050 43.382173 -75.810475 53.343809 -7590.316079 -69.615587 
-29.174162 69.860126 -60.856545 -15.951029 -88.945731 89.099811 -99.484140 -29.946569 88.012557 27.048722 1181.223526 
-47.841351
-69.593904
-64.748669
-30.880333
-5.754920
77.061828
-21.856318
60.860154
76.616348
90.956744
-90.005348
