14
12758.580282 -43.607978 80.706974 42.116997 60.363740 -66.615729 -10.560743 -94.404528 -56.899100 96.819092 38.480125 -64.533428 -13.316453 -9.632196 
-88.312735 -10820.648827 -17.632188 55.810734 11.002487 -81.202625 27.475215 -24.061576 -2.902502 17.651080 61.708198 -70.322403 91.366207 -8.163028 
3.990282 64.675507 186.988169 -48.598963 -2.774243 -26.700729 40.847622 -74.008937 -68.197590 3.106356 8.517374 -48.502072 25.672496 77.646238 
0.326323 84.510613 -30.128213 5269.826502 66.493431 -44.906791 51.568451 -89.048141 -32.106622 -16.003738 25.175010 -83.600575 -74.871912 27.780805 
-88.017706 86.413548 -47.505880 -31.327223 12503.280042 -49.148845 -44.634734 24.024513 -20.009184 -94.362298 52.850849 64.212431 18.334026 -60.019686 
49.142744 -57.901660 46.797908 -67.559022 -64.476083 -7430.262059 63.903810 31.331101 -18.181893 16.925828 72.394781 -60.915934 -14.097989 55.090527 
-93.513784 -86.169182 -45.444063 21.641343 -73.942655 45.798419 -9896.203794 -36.647772 60.895753 74.925060 65.477155 74.544753 73.671989 5.122884 
-99.691081 92.000845 58.193715 61.775670 63.677805 32.871653 73.875357 3468.795623 66.986896 48.757759 71.658512 -35.396551 90.163686 -18.933610 
-17.191459 63.149922 -39.261762 -72.442172 64.415377 29.245756 -66.577767 27.477750 2781.541994 62.508592 -18.095954 61.296363 7.964621 61.384740 
93.318721 7.735970 18.449600 82.433510 60.010476 -3.927979 -17.549563 44.502912 -39.560081 -12942.766793 6.123395 -84.096530 -10.382493 -98.554900 
-12.206008 53.617871 -44.441003 80.061787 -1.549273 -38.627146 -6.434485 55.615413 -71.749316 -90.748585 -1720.007764 78.863450 58.006334 -87.552190 
-89.655890 -46.537499 44.249414 99.897542 -22.007853 -85.989104 -18.863413 -37.386642 42.714255 98.485301 42.454945 -8960.933324 -42.709169 -12.999435 
-81.502615 -14.447173 -13.629858 -77.019759 -71.096961 73.381160 -82.840733 95.801432 -65.339257 43.110846 -36.010443 -27.518915 13438.218924 -92.363582 
45.282205 58.011314 -3.839779 64.833647 59.109763 57.790493 84.822350 9.240949 -87.365150 53.921154 52.829468 -95.132183 -86.593452 3578.078737 
-88.204468
-52.500545
23.341328
97.705337
-66.405206
-72.290506
13.463845
86.843985
-13.138844
-24.554783
-92.231243
69.495651
13.405104
99.580374
