12
12017.509764 -78.089354 -47.775654 34.589403 -55.908490 -53.998447 48.107500 -57.247876 34.946780 -49.461225 -94.804285 24.374202 
57.218464 10607.908287 -19.236147 98.080609 40.803170 -21.128234 97.778245 -41.039962 41.353724 32.033535 -12.380919 -86.097906 
-47.502417 26.875919 -14463.290493 36.511255 44.666354 -92.584300 -64.332300 -32.960435 33.977255 55.723357 -57.537441 -31.769809 
44.818539 65.184308 -47.330521 -12610.728372 9.921711 -45.795575 -86.224975 16.842635 74.170085 -23.379324 63.702064 40.581664 
56.026002 29.021861 -29.580631 38.330404 2864.214241 -74.341627 -59.729889 -80.249396 48.406841 -26.224490 44.991294 -31.315656 
77.770039 81.046420 -52.826087 -48.048377 50.935371 10617.791654 88.162233 -57.355843 20.351414 46.208380 24.249670 -35.803120 
56.960685 -61.761409 -23.999942 32.967558 85.753673 61.974772 1499.776415 44.948027 41.486287 60.031813 -45.312783 28.056061 
-61.786661 -48.405164 54.407246 22.583809 -33.919120 -78.644983 13.775502 -11271.591795 55.711365 -59.089928 75.572140 -59.043950 
48.336884 -1.995597 60.002970 69.920340 -48.849085 -6.564485 70.693471 -54.831511 7018.621500 13.143632 -94.980750 58.538701 
59.942901 60.331228 -13.059092 -84.159129 -62.484443 23.969899 62.089184 -67.076651 42.726784 -13640.995938 -28.124833 -94.061640 
-93.989663 -84.263071 -9.427108 -41.412229 -15.330742 -63.783601 -10.977356 -96.422313 30.182853 83.210862 -11257.174055 71.171027 
-28.548606 -16.420810 15.446686 12.452499 89.156431 52.142881 -34.595550 -47.408975 -2.650389 54.913139 -74.873672 -270.195895 
-74.549330
49.416715
-53.274524
15.068806
61.422717
-68.389212
-17.491553
19.469732
27.782738
-55.514795
-37.152294
-18.602804
