14
-80.810112 17.529127 84.324079 80.756974 -0.688324 99.083124 -43.169293 37.790723 15.109500 68.720221 37.487987 -68.251285 -64.549828 45.162481 
20.406207 -96.606299 -70.525922 -59.465612 14.344427 74.602131 -79.288574 -14.682427 -12.699379 88.917805 42.865506 -17.334541 -97.511178 -67.708668 
-81.701116 60.766851 -5.283086 -62.511228 -21.704022 -20.959008 -81.754254 77.607654 -21.875883 -24.923547 15.398377 93.233617 -56.203326 -47.113636 
-75.017668 -20.753154 98.048846 45.388539 -17.359453 -72.477076 85.922926 96.984974 -97.874945 -93.365648 -17.697453 -10.574325 95.552157 -74.831947 
72.091135 98.040979 -42.540615 90.390019 58.807829 52.176299 -72.121209 -62.896193 -68.782709 -53.875463 -85.288539 9.341407 21.200990 30.109838 
2.575024 64.997664 82.996202 27.557356 -55.755490 81.045048 -27.054105 26.885057 -91.432029 -41.131179 23.870031 -89.306974 -34.496827 -93.827422 
0.118701 -38.944670 -68.659369 -27.790164 -40.903692 -11.199984 -37.400146 -82.095862 -59.023686 -9.521355 -44.992056 -27.806395 36.603182 -30.280595 
81.535013 -42.195828 99.829243 -15.889963 -77.198164 82.825445 -88.332607 -32.953653 63.870493 -15.386712 93.931404 72.438464 43.482109 17.801435 
83.131491 -91.014718 23.974013 -16.749808 -29.959389 55.314644 55.460027 29.136920 -55.885340 -81.940119 47.041057 -14.909026 8.538526 -97.950999 
57.284579 -54.858292 -28.231593 38.819592 2.945880 -28.402350 -77.070371 25.747717 -45.576905 -65.402978 92.794063 -81.706412 19.210310 86.725467 
90.732053 -37.307582 4.526902 73.863543 -28.322300 -71.499085 -42.886265 41.718312 83.815559 -87.426238 -29.144769 -72.069781 -69.366357 -82.103712 
13.021193 39.172170 -80.054710 -29.694228 84.313878 -8.286303 -90.874636 -12.740242 63.311347 -67.945007 -86.992525 -82.265558 -33.347985 -94.198462 
-63.971970 85.862324 92.527005 -73.239917 -51.445257 -2.946092 -99.376374 20.232443 25.554823 -42.262640 -38.049246 9.370382 -29.688878 32.805986 
37.300601 0.944765 50.702274 -49.678206 -59.883065 70.647564 20.627566 -75.569188 -37.638739 29.752931 11.690571 -74.327393 61.807923 24.698045 
-56.592951
-71.540062
30.499583
-20.564921
-85.677738
23.026589
6.195162
-37.122995
-79.919504
6.818788
83.109448
45.635319
64.556148
-54.939798
