15
-66.079759 65.261877 -34.228488 72.468002 -40.425231 31.427525 73.025427 -85.402912 -1.753178 19.035049 42.892003 -71.278764 75.670205 -24.134433 -84.807862 
-21.474951 -62.025454 98.901568 29.557542 -28.881877 -36.089454 67.058741 -91.752250 11.335725 -20.263372 -30.681409 -71.960180 -51.396747 72.652060 -51.316811 
-36.772814 -93.427699 -86.054934 28.998698 79.040303 -26.480165 -39.573777 52.065730 -11.883077 58.673045 -28.899221 -68.991074 87.394281 -53.229016 6.874493 
-97.413582 25.296034 44.849039 -98.512014 -45.146425 -84.032838 -34.601467 -78.087683 -75.785088 76.734258 1.648945 -6.466497 -95.225922 50.252197 -33.814438 
-46.542733 -86.520616 -27.242136 -32.597667 42.478082 -48.201833 40.922168 -97.095695 -96.136103 -70.960909 61.577350 -25.035324 -39.951984 48.971631 21.735660 
66.922509 51.558049 -52.968306 11.771548 53.046036 1.885269 27.738710 -81.555432 23.797586 51.953622 95.178826 -74.553469 -54.512875 99.952904 75.698728 
11.672687 -46.589830 89.178112 84.430551 20.812503 31.656194 -63.771283 -38.265329 34.560499 -59.907386 -9.226238 -3.862151 15.057290 50.821779 -54.890521 
-63.207050 17.744288 96.667529 -16.175357 -70.484164 49.713564 85.709913 57.254546 68.158133 9.507499 9.208168 63.336959 34.954029 54.695293 63.289862 
10.652758 -33.632020 -83.299967 -0.169131 -49.201469 37.512536 -68.512937 -12.972751 99.247207 66.047562 27.119863 -9.979031 -37.814590 -57.822848 -59.157252 
7.294889 -21.029898 58.587036 3.962418 62.794745 88.102872 -46.324018 48.504658 45.357418 -78.165886 -41.987843 -45.434414 85.171073 92.966186 -90.739121 
48.460936 3.618944 -24.371140 65.160969 -96.550187 26.427391 2.673505 -65.063124 -86.545360 1.920712 -99.015563 40.574502 91.941681 -36.830153 82.751655 
-67.215571 70.464737 -38.278244 91.371465 -25.572845 -75.483498 79.474336 28.103137 73.021160 24.831754 49.937251 -68.966684 79.397340 35.108324 -76.000498 
88.658219 -16.430740 27.618446 -35.712921 -51.269772 31.068259 90.714470 51.403733 66.005135 -95.830890 -46.675555 66.989573 44.743612 -54.733874 -69.840580 
27.495267 -21.949445 -99.375843 89.217023 -30.577981 -24.948689 -86.266475 -51.103645 -96.845552 86.754684 73.728109 53.091699 -82.211999 53.125449 -11.799977 
-58.212497 41.783669 71.769282 69.405949 -93.929252 -79.500489 0.474208 96.785218 71.903243 -33.520657 -99.045672 -74.772312 -66.531084 45.697940 -29.506186 
-36.371664
-26.806793
48.544369
-35.747507
-37.589770
-82.033612
39.303804
-23.856245
-33.137257
42.458252
-37.101561
-59.409147
-4.450050
-19.313560
93.716302
