20
12.907926 61.339937 21.497933 -70.436149 77.235245 12.632118 67.513760 26.100435 -29.392019 10.829514 -1.736608 -31.657365 -95.872437 -23.245972 67.240621 -54.522989 92.107017 32.532648 51.762149 -89.106130 
-15.355600 -66.389286 86.028600 65.049495 13.904723 -48.833742 46.095596 85.512473 11.647745 -29.414442 39.658010 -75.444329 -68.074506 -38.844056 -45.880478 -90.839260 73.788062 -78.366719 35.261175 -55.603957 
32.462795 -66.475433 12.738678 36.590358 10.278595 -20.020702 82.067369 2.385611 -87.488054 33.829518 13.279482 -2.843654 67.440232 -0.691918 -37.794159 -18.655045 50.474340 -91.698563 -33.142572 -37.877915 
-21.113005 -93.484562 -13.322245 10.812490 -32.328618 40.797277 19.973229 -58.540556 62.430559 -44.765596 -14.144514 -5.106646 -11.241029 98.594164 -68.516288 99.037566 -21.426538 -86.448919 1.423177 -8.914591 
47.380599 -85.297341 88.241755 14.820832 14.010741 -49.552404 96.165787 -35.514919 -41.250967 -36.976786 26.607165 37.636029 -30.461348 -86.715079 -51.551482 37.210034 54.082198 68.421748 78.669478 16.512756 
-76.343848 -35.475036 -88.593890 12.415124 -36.880872 -57.110178 11.452690 41.692591 -43.559097 -87.124133 -67.222001 -96.178497 -72.421474 -78.980246 18.642334 41.589267 -28.532650 14.808121 -93.925652 30.216383 
77.831335 32.681513 -32.147588 -52.630013 45.966434 16.300930 84.580021 0.048632 -15.277322 63.249498 -83.438612 8.378830 -72.225538 -72.032502 -79.206046 -9.106410 -29.142680 32.246643 -67.413819 27.298223 
45.122510 -34.635820 31.119725 72.701037 -13.616066 -50.237941 14.290304 57.851283 64.570180 20.364652 -11.932334 42.401515 -46.953835 55.920078 89.771502 99.012599 -27.778992 74.351523 -0.938769 56.943685 
37.601021 15.622619 -34.677485 65.375483 43.590116 -13.883531 -43.730926 -85.552564 -81.636888 -11.144746 41.745659 63.485623 54.219434 -27.134616 36.186659 -59.396632 22.627443 -49.523037 98.454651 -12.802377 
70.841615 -13.477683 -70.400862 -76.112220 -57.557606 -80.629360 -77.099621 14.663402 93.722162 21.961610 -28.392913 31.323183 -62.415771 36.929603 -3.301333 81.174345 -76.953928 52.967740 95.621781 -58.590816 
-58.177005 37.367440 -95.105193 96.042429 -89.767177 41.081467 -63.354204 32.860267 91.558430 -64.899553 -79.942110 62.400045 21.622764 -50.342972 86.287825 64.065158 -30.972332 -90.811795 -21.271441 -37.250170 
31.149815 50.335647 94.073014 68.734044 -12.734751 -9.228320 49.908389 10.311321 -56.260580 45.530170 51.720505 -14.437585 -17.102391 56.615313 -18.395157 -6.869567 -2.303221 18.250640 -74.009300 -10.744791 
53.351087 -53.951410 -48.344746 -25.026150 -4.294382 -62.056921 -60.960992 64.733286 -52.868716 17.767567 -72.516884 78.281099 -31.896786 -78.443870 47.015142 55.368463 12.327810 -3.076469 -34.320216 56.067230 
-57.546299 -82.599710 -58.370355 25.351310 74.015602 23.234488 -81.518257 -28.287618 -58.514872 -55.527557 60.967591 94.836214 -9.478968 -87.377155 -30.189936 86.226650 -49.434076 8.849072 50.959936 -2.302793 
-73.383360 78.443052 -24.021694 -5.280146 99.999181 -77.006552 -49.911683 12.326991 19.916979 15.768101 -31.605779 62.370680 33.168391 10.023866 -12.278010 7.183993 -66.741646 6.203734 78.896375 -25.256519 
50.676176 39.863965 -30.420304 -58.802791 52.486810 39.389760 -72.576141 -96.947266 -51.761168 78.383795 0.749941 -25.144528 56.826847 76.728247 69.575326 56.826028 99.721695 -80.336357 -30.846981 19.638674 
35.431744 37.547240 -17.990646 -31.399865 -52.428895 69.731345 75.784128 -19.170541 -24.064922 54.680503 55.572940 -73.388746 -5.455532 -74.847364 -32.191537 -52.968722 64.542396 -4.767678 -49.915988 -87.218772 
-26.383883 50.833953 -12.363300 -69.557036 27.562200 -42.787974 87.268992 27.283895 -23.124331 -43.577989 -53.077431 -87.692588 93.969251 28.931924 -19.092453 -58.459643 -1.336732 -43.308325 22.369816 74.598346 
-88.627823 -22.057244 -98.790400 5.916646 3.095392 -30.981936 52.947924 -32.362212 64.250386 -96.968065 -19.580984 -62.133497 53.865888 68.055717 -31.690533 -18.571912 -74.732258 -44.421541 -91.288017 2.143411 
12.000470 -44.365447 14.450823 5.969721 84.566476 95.358370 47.510078 -16.770256 -47.949955 -30.120107 -42.171910 -36.577777 47.822649 -40.962309 69.338868 -49.081959 28.055754 22.286792 18.555829 -7.693860 
25.318727
98.974845
30.172643
-20.815385
67.030562
98.482110
60.612704
92.298304
-45.939432
69.324687
-5.558285
66.061038
-75.040761
-91.107462
-27.969240
-90.474284
-95.749091
-80.459163
-7.244540
-43.699046
