17
-90.238004 5.247454 74.376861 -66.382291 62.575410 -5.304239 57.057122 -99.229987 -84.308494 74.195866 72.620940 15.598596 -19.042814 32.791802 -8.547250 59.047329 84.749553 
93.463370 -88.746300 -40.978003 -16.869431 -17.744738 -80.418530 -72.716441 -28.451748 -89.282645 60.462176 -61.298260 54.389658 -6.033244 15.533151 64.151654 99.214209 -10.089988 
97.769363 61.789619 84.605773 54.826485 62.559632 -99.702721 29.022351 35.180572 15.895876 -90.020463 -32.027626 -92.651375 69.026866 -47.278073 -99.188005 80.280566 11.743924 
-16.057436 -37.464172 31.325394 11.226123 34.084080 42.042749 -28.311700 72.785820 -3.567593 65.655055 -11.681029 -39.415939 64.869265 78.228983 -41.646576 26.658884 62.834757 
-86.820091 -10.781484 63.132036 42.202261 -75.600912 -20.972089 52.181798 -7.628538 -13.623464 21.208664 45.093389 -12.811468 1.489230 -43.162687 71.131096 64.025058 88.162707 
-17.642780 -1.890862 30.205455 54.045519 -29.105042 -73.362138 19.700574 59.213930 -12.778077 -15.430161 37.442913 45.575347 -88.771277 0.277670 58.755257 0.447239 -36.590295 
0.957517 24.846327 42.437617 -46.860685 -82.782211 -71.185847 74.347979 62.311177 16.002685 -24.162791 -80.851510 -12.866219 -60.137733 -92.688803 69.491001 37.971405 37.516652 
23.536520 -91.133637 64.154515 -56.762906 68.080293 -48.623562 27.806933 5.523206 96.951785 39.035656 -94.199124 55.707042 -60.517105 -30.789418 -43.335441 64.329222 -88.351802 
9.803874 81.547011 -59.537648 -15.848148 43.858188 56.465037 59.989061 63.006678 -56.401182 99.851328 70.317875 -86.910181 37.822733 7.834527 36.626339 46.689097 -28.010958 
79.863433 14.769390 23.365480 7.670366 -79.707403 20.317265 -53.293977 -73.906527 -23.975693 -13.811082 -4.695946 32.688865 -49.481860 6.952253 -57.507261 -67.934849 47.414605 
26.644591 75.923340 3.879641 -13.366348 38.930018 47.478459 -13.515019 9.247893 60.568278 -75.692286 -82.917579 -2.805384 70.996811 -10.928537 -22.941951 -14.233799 -87.563058 
84.728415 6.058798 32.754207 -68.565562 32.152270 -91.221486 17.623356 -72.543675 41.467379 68.141496 34.408578 83.960118 -99.793353 -18.176818 10.604709 76.129987 85.702824 
97.238361 15.060005 33.181283 -16.276658 -75.692102 -6.250440 8.031056 -58.609681 90.944177 -20.972133 30.461781 -31.997774 64.794068 42.898723 -47.269359 -29.147134 -24.347070 
-15.834921 -96.994864 -15.568556 -98.211565 -69.538539 -74.101177 69.929931 64.870039 -90.141059 70.136578 -53.306779 20.463650 46.266565 -67.603955 17.702011 -38.673430 65.577327 
-98.574647 -14.365532 -40.673112 9.456409 27.024786 -49.728935 88.484276 -42.513433 18.273291 53.278344 -99.614710 71.003932 -75.868790 -23.961779 -44.830989 -72.863654 60.469665 
-43.042554 -42.402193 86.368488 -73.112623 -77.532154 96.227428 97.023956 -30.838933 16.691078 43.290520 1.557112 -65.606911 -95.382910 -32.865561 -64.181558 -9.748442 26.461327 
45.274851 -82.723656 76.732391 33.759127 -25.237089 -4.994318 -12.962529 -24.851799 -33.990386 11.168681 51.186422 21.178625 38.305027 11.656087 78.136071 95.902834 -1.975425 
-94.976551
-81.629320
-5.747997
-97.952596
-12.468253
-89.056919
45.337924
89.088859
-54.663830
49.955014
-43.776702
-18.845388
-59.793428
82.684625
-73.570537
-42.517084
59.417017
