11
-40.464574 26.805490 58.504936 -86.969765 58.421403 -30.237328 91.003902 -69.348658 -17.272672 -33.766389 -84.157148 
44.160744 -26.847838 22.157075 41.725267 1.252993 -4.944733 -92.285978 51.678473 87.825038 48.771068 -43.651320 
-97.583231 -99.673037 93.204049 34.474464 -98.401161 -35.275005 98.707816 -89.355448 -81.737647 -41.756758 37.450042 
76.767290 -28.726524 -4.128555 -53.470038 -37.722622 26.522787 29.257289 28.510989 42.365639 -26.581967 -98.336849 
-35.477286 -84.856700 2.916144 59.577981 -77.142678 -45.405383 47.403019 71.628390 10.943296 49.819789 71.955353 
4.147346 -15.705748 73.554192 68.872341 -16.997932 84.198744 87.134694 41.245310 21.648787 63.901984 -87.481214 
-82.479768 -89.568054 -25.203835 44.043019 39.689235 -96.692846 -13.591342 -86.892732 -95.029695 50.931372 -71.749432 
7.886449 10.509353 -48.892110 62.481066 -42.087628 -77.263721 -26.575638 -92.267839 94.691632 77.571708 -7.973587 
68.245825 46.444049 75.028481 52.444569 33.578744 16.273791 -25.906644 -2.519272 28.792577 -8.386412 7.912674 
-96.411258 -64.343393 -52.398091 -93.104105 22.065265 -39.290822 -88.133800 -27.003363 -11.040254 19.752650 83.505990 
40.067635 -17.766284 -58.581638 62.803914 55.658078 -50.849477 57.495547 33.229787 41.176936 25.741371 -20.326164 
16.205417
-21.814060
-86.747421
-67.520792
52.279296
10.733307
61.271785
-56.107116
-81.354019
64.860526
-20.450509
