38
821.651657 -50.060032 41.049911 -74.149606 -32.420087 -84.394642 -20.753655 -6.684062 60.972631 -32.988334 -34.927137 -20.392780 58.551759 79.416209 -51.783431 75.870159 -50.239626 22.600859 52.640260 -75.147236 0.405544 15.976379 -84.997683 43.933800 -4.623013 -98.981703 14.518029 4.512118 35.169430 92.617059 14.912681 37.433633 -52.924028 -94.132622 -86.970955 79.152478 -84.294620 60.328548 
-58.096717 -315.147779 -68.871546 75.920732 -0.255228 -89.610295 -80.221684 -85.839663 92.778140 -77.800621 4.955214 82.282227 -82.607847 9.920530 -65.655769 -76.516167 -7.222967 3.595316 26.479019 32.870837 60.163558 -31.079523 46.462410 93.726629 63.458565 -51.890998 67.996078 10.082436 55.505515 81.196234 65.098475 -89.926035 13.128988 58.908112 68.637635 -7.260973 -35.177290 -24.713650 
37.683923 -46.303770 -274.626291 35.592684 6.240435 82.997207 -65.942571 -96.784820 -62.478131 -69.949927 -48.422765 -41.418555 78.344901 -57.250641 -11.521504 -41.924546 -25.844286 35.080920 5.023053 22.446484 58.059541 6.710676 -13.676845 -66.728593 92.543356 -23.807479 67.707716 -36.415511 -35.492832 71.974186 70.144563 -80.334891 11.493271 -32.589787 63.441608 63.113331 -54.251598 -6.604231 
2.681549 68.799317 -89.879825 -102.165623 90.237172 16.148853 13.770529 41.287649 -78.482870 -61.599263 -98.806512 -41.051589 45.937110 65.001388 78.329194 78.758098 87.346638 34.952493 46.555804 63.395770 92.709020 -39.503047 72.294856 59.645401 60.250175 24.695597 58.897132 84.102805 -84.152486 49.172802 47.285780 -67.900123 2.625474 -73.650504 -44.020467 -51.994224 -66.919023 91.973127 
-7.655262 -61.987976 -31.915210 1.069174 -303.971275 -84.522503 30.295961 -15.784394 -88.306101 39.358363 96.005257 -39.648211 32.511895 27.414996 -36.164518 -17.050061 39.626948 10.107910 83.642350 -23.026067 0.885961 90.350758 -74.808721 89.820678 16.140879 79.756478 67.126158 -10.656945 88.731759 -85.319616 33.217240 82.155822 -7.091435 14.253491 -41.576256 27.872949 60.647025 94.548183 
71.318364 47.747498 92.206398 -87.068452 40.523633 806.960389 58.325672 79.562102 0.239972 33.201220 12.898980 -6.847155 -80.130242 51.015076 10.390468 32.592431 -19.019137 -54.627830 70.060377 -95.246971 -15.841998 -56.457719 -84.878542 46.349507 -3.837643 -99.271493 -55.978697 -33.959791 37.787404 92.898616 -52.952975 19.348960 -2.033087 29.903546 -11.095509 -82.217942 -36.955616 86.962865 
-15.130949 94.148305 -49.438493 87.244626 -79.574916 -15.615392 -479.006891 -66.881529 -77.863273 -48.029551 -32.655476 -40.592997 -46.508873 -74.632362 53.885855 59.568764 -27.779241 -85.710738 59.633691 63.451424 28.090064 -90.292655 51.345511 -35.997557 -10.942929 82.184297 71.475393 86.922869 -87.334674 -33.860196 -88.319696 10.873773 -44.489352 67.454562 -91.169505 -85.867462 25.557983 -46.984750 
-72.690250 94.976635 72.299674 -59.376722 55.436535 -78.156716 20.082118 -798.451385 42.756614 10.407850 -75.261727 76.151787 83.081195 -54.355132 53.298045 -19.751068 43.794182 48.818606 94.305138 -13.540806 19.677880 -73.875596 -27.133970 -40.641983 -69.803787 7.743917 -47.982451 -41.058923 -77.318815 -97.316521 1.231009 89.560462 42.678082 90.518850 -49.696035 -41.257246 -10.527220 69.017360 
-25.223116 75.084977 -46.792679 -44.558678 -97.700857 -58.301992 -81.572441 11.977800 -891.148290 47.069644 99.510933 80.257073 80.626509 89.737607 19.955735 -3.959322 55.673175 99.058572 77.413615 90.635385 -91.092343 10.990099 -89.410657 75.082127 -94.690059 -55.822114 -2.272691 2.890637 -17.065404 -18.242528 -2.166062 -4.997590 5.507213 -40.266085 47.912271 61.540551 -87.962473 14.724250 
70.466703 -66.124640 43.183063 -22.264228 5.125037 -63.503515 96.425661 26.082481 -31.744343 728.301516 56.357397 -1.228190 -42.196840 -2.291797 81.770010 -91.435591 42.024617 -92.268960 35.591046 -21.283340 90.903865 21.260334 -77.568769 -98.298662 94.383594 -94.929069 -72.854838 -71.255145 14.772914 88.372379 74.578165 35.226506 51.882617 -8.855072 -27.193437 -40.094382 -66.270592 -9.837419 
62.490502 77.868383 -66.082308 -45.349883 4.519830 -35.213372 -31.150829 48.016747 17.458497 24.955098 203.276697 47.144942 -34.952635 -48.939716 70.193961 -50.090160 -65.327137 46.804628 45.386444 9.959726 -6.888355 27.417650 8.441091 69.419682 -63.399734 40.669794 -62.764743 -87.039509 -73.028386 11.918077 -92.873296 78.511803 -52.118675 41.427442 71.019791 29.629796 -12.025468 87.962279 
-17.983150 -42.801686 32.068478 -25.097996 -22.013431 20.269776 74.125323 24.306235 -85.105871 25.622473 36.904782 586.652739 -12.741931 46.370016 -59.133036 -48.930515 24.832061 -47.549355 37.991986 -68.698749 -19.876424 -63.061292 -71.134419 43.812364 -45.594546 92.473419 0.748557 -19.001064 49.122953 9.463559 54.033805 -53.841890 79.346932 -16.106125 -95.641669 -49.538324 9.394713 96.944242 
-58.129917 10.487008 55.139653 -67.856872 -70.441000 98.110482 -57.121155 -35.250831 -60.713364 -9.506836 18.614742 57.963017 -155.704501 -92.554313 39.665532 58.597736 52.152777 -68.271116 -32.642915 -29.464165 -4.213250 -12.097636 75.034701 -91.774463 -53.393343 18.083034 -78.445239 -29.126884 64.466701 91.850958 -60.951761 -16.241622 27.053926 95.328239 -18.289082 15.397367 -16.444530 16.783958 
87.984947 -36.987668 -51.737088 54.758254 -78.025830 19.871031 -27.580586 53.087261 37.588102 -56.773339 10.489768 -98.460934 -32.926086 112.721653 51.282604 -93.277433 86.181234 47.998325 -92.146410 95.286385 78.265892 14.846156 -80.650871 -99.183506 22.812209 4.802302 -87.704909 -56.404474 10.002607 -86.186185 68.791717 -17.617128 -91.071962 -46.468502 3.885678 -93.418170 -79.176086 87.518047 
-84.189157 32.835266 62.316602 -44.870433 62.626318 -39.470845 13.513335 -81.383577 -13.783007 -51.001474 18.219344 12.506789 1.601518 -83.288660 -325.021199 -63.128548 -1.509454 30.610386 68.752310 -79.920496 -23.778462 -44.617128 -80.068292 92.222721 -12.735426 -44.311258 60.691748 46.209905 49.874768 45.222818 59.906616 50.500535 -37.511208 -50.864566 -80.763918 0.830743 -37.709500 16.427916 
-96.011595 -66.882762 -98.576542 24.060350 -17.701198 95.967854 -68.279408 27.985102 -54.395418 -23.790899 -53.646929 -43.929135 83.035407 -23.918891 -4.794957 111.596229 -40.217798 59.470762 -74.902828 -91.835330 -76.385895 -17.742947 -5.714674 -46.520730 -73.902681 -82.353173 90.218228 97.751803 -85.449384 52.206917 41.660141 -18.012007 72.199777 61.644803 64.206643 -78.958700 -58.879209 17.140409 
78.848347 4.162742 -36.787941 -94.918092 -88.376357 58.564293 90.064502 -85.908000 -55.761897 9.791120 -40.650745 -17.067882 -59.892900 -19.967002 14.598753 -38.764857 790.498551 -9.085530 99.501981 -70.212702 -64.888331 21.813085 12.519375 13.134192 -53.643168 19.267232 24.367105 -62.063230 -96.709701 0.048279 11.419964 -64.662229 21.912940 90.782520 -18.189752 84.832368 -22.393499 32.456059 
88.975407 9.657484 -86.660630 94.798350 75.864634 56.903633 -20.640344 97.734545 24.497545 -69.759457 -47.185729 -50.551222 -14.385956 15.240298 -56.314883 -84.230557 -62.975919 -362.760544 -91.645505 -86.002468 -43.480211 28.093650 -30.032742 39.699098 22.741216 11.612828 -23.194525 -30.373556 -88.350126 99.439326 76.746183 73.101890 23.469614 53.809022 -31.766511 -99.747288 -52.662274 -94.833414 
-65.187109 0.264302 42.121187 -69.208328 15.632214 -69.387374 6.402625 8.916924 66.745021 -16.427484 -96.719273 39.180389 -95.200203 -29.817819 51.911306 73.324408 -36.681052 -98.436074 -151.028409 -33.447351 50.376501 77.855511 -82.421938 -65.504851 59.961586 -25.620053 3.765729 90.604591 -8.640751 -25.094463 37.358972 92.238188 47.220559 35.937033 -6.289415 93.801795 -73.227692 62.180380 
65.652027 13.617203 64.327218 -52.448733 94.140739 23.395529 8.647760 -57.092070 53.581063 -63.081057 -3.324663 -77.605372 86.504886 87.623928 95.356598 58.335241 40.387729 -3.443917 -81.911930 -938.100989 -66.332125 -44.018549 -19.757409 -62.769662 30.295248 -27.761869 6.262925 60.973276 -22.156639 13.371653 -62.626862 30.334341 29.272787 -12.269553 -14.381000 98.528519 -31.173463 67.608242 
91.728010 72.664486 72.015399 -37.196713 34.836702 -99.555437 -28.234140 68.807745 51.772763 -55.173844 93.205709 -91.653412 -18.892653 71.184676 0.843842 -17.542776 -41.438713 -60.450798 3.438430 -10.314005 525.146198 13.215378 -89.136037 90.631744 47.717972 -4.052720 85.938293 -35.109303 -82.059042 33.675498 -15.900102 -33.011726 -28.084797 -21.180152 25.191292 -9.960966 -13.954832 61.144967 
63.464839 53.548979 -2.306942 27.225177 -26.457159 -65.474455 -29.159638 -86.038547 -49.859475 11.806105 25.208909 86.127801 -50.046242 72.815314 6.985793 10.228204 -94.577940 28.554726 -80.715654 12.010437 59.418174 412.574649 14.211874 58.973297 -35.791194 57.397133 73.608053 -69.456399 46.306171 67.810693 94.320309 41.437609 41.892911 94.158325 -81.025984 -3.707437 89.111270 93.113415 
-42.825712 28.265390 56.415200 -29.733148 74.983159 41.957595 -18.704200 38.511619 64.782709 2.986360 -8.239372 -79.130436 54.769896 -82.358772 -3.887602 61.079612 -34.964521 -48.709357 -58.155951 -27.060253 -1.674510 56.516235 683.635820 -13.278072 35.440638 50.799389 -14.666378 -97.808662 -70.180043 84.017207 77.199621 94.033652 23.596695 -10.340371 9.384027 -82.656845 -13.599784 28.432212 
60.182247 83.025546 10.359306 -91.151331 19.583208 -65.031251 19.772007 -91.881488 -52.174748 99.007361 16.722744 59.152358 -26.311162 -11.697945 -7.364033 32.692231 58.322062 18.896783 -1.771041 34.106757 32.266388 -98.811231 79.632854 -106.230485 58.424135 -65.567771 2.467268 67.368715 65.993929 -40.030826 1.900460 -58.975603 -2.957160 99.013771 -75.558240 92.653246 23.101402 65.257796 
-12.215187 99.349176 -38.398208 41.313872 -37.759669 -26.750672 1.460128 -59.632637 -45.729394 26.077407 82.984234 -83.986783 34.129953 22.124451 45.644659 -50.210516 -88.141493 5.928242 35.964464 54.752606 27.055963 -70.423569 -8.928168 -55.712707 365.327670 6.214874 53.384319 30.252887 60.263928 55.830195 -61.913193 24.962127 -61.536417 -42.558152 -74.856230 91.341616 -21.464197 51.243788 
54.336774 38.159869 -47.086015 25.346794 3.570523 9.787467 97.954519 -78.400750 -81.403391 53.208111 68.728149 -85.997926 32.853499 -31.243475 90.916755 37.895800 -85.285408 8.140761 21.765262 8.755948 -38.785439 -66.869405 -74.091227 -51.254782 -39.123613 494.318406 0.944732 78.118388 -64.259615 -11.344022 -58.979036 -60.656285 -50.175536 99.764409 -59.579347 49.920304 10.552511 -43.943767 
37.110536 -83.220598 -88.592163 31.524245 27.987894 -7.457551 60.939710 13.712404 64.372063 -98.734938 -38.094807 -59.413672 34.412569 -27.953433 -13.355122 -59.543291 55.914511 -44.819121 -74.967270 25.095342 -22.581221 77.413384 86.748810 -12.757935 -22.612903 -55.066171 -971.279718 -29.821990 -18.178526 73.508913 64.295498 14.442472 -65.374209 55.663569 -62.388469 36.997125 10.685952 -1.203739 
-31.243582 89.118255 10.512085 76.611551 10.340445 -8.145895 91.934930 -49.638245 -69.981341 23.594712 -43.682269 32.098980 87.549539 45.108196 -66.552612 50.256652 63.551550 -89.107497 -29.699476 40.907920 -60.581773 2.143723 29.551004 63.719983 -58.250255 -12.040903 28.546313 -221.240586 -39.053291 31.335690 58.943846 69.212864 60.602884 -47.325881 -6.080188 10.288116 -87.638837 54.069668 
-51.083105 46.253682 -14.369823 86.378600 -34.874893 57.672632 -96.075537 58.450300 -25.802517 -62.909410 81.543918 -91.363266 57.592811 -37.627928 -12.581588 -58.743386 99.917011 -94.796746 -48.912184 -67.068826 -25.751081 1.589773 -80.685345 -78.594667 59.435049 -75.136827 -24.651624 80.154743 -392.306579 50.332685 -58.565139 95.710289 2.824271 67.528276 -52.270904 82.920024 36.850812 -48.401532 
-84.542378 96.253999 -59.042805 67.574099 -82.112341 -62.115074 31.944608 93.020475 -4.884491 -93.639874 -5.357449 -42.643644 88.281854 -46.874280 -16.018756 -27.236355 38.578904 -4.360153 -81.083911 22.701619 -53.888394 97.758740 31.143170 23.252001 -3.612991 76.463309 -81.157599 -15.772793 -93.327764 402.743736 91.397102 -88.911602 62.697544 -42.376012 -13.640766 -60.358720 -49.014445 14.224484 
70.898855 -2.948738 40.553659 -14.659671 14.905143 -89.262763 -39.253604 64.669556 -98.766585 30.006355 -83.186573 83.263421 8.320732 46.548977 -51.348195 -9.110505 79.747188 -89.019300 52.624253 55.827582 94.168353 87.510183 -16.362447 -3.638453 48.514308 -20.028383 -17.032546 -66.001391 -85.374219 -84.494993 926.559430 68.433298 -41.565721 4.932031 92.643303 55.994331 96.712921 54.066369 
93.462373 22.102015 68.559232 75.003843 -10.412301 0.461986 -35.408186 94.612458 -48.415713 77.107112 -60.776344 -68.009190 -30.463603 -1.774281 -20.342859 97.566719 3.841193 -41.064964 21.152828 -84.426987 35.628301 4.859071 66.414029 20.578290 59.315661 -81.683292 -51.081576 71.955478 -44.273561 94.256688 -27.841656 652.802935 -34.107636 -47.030051 -34.072322 -53.512643 13.014188 -70.540789 
20.958682 52.568705 -77.770615 -90.733899 35.351924 -40.219436 31.931334 69.928254 84.156930 25.529892 80.902047 -79.299525 12.883735 -63.068397 9.453969 92.855991 30.641532 -7.779416 51.347017 -10.682383 61.186598 -36.840531 21.192112 -24.170997 -41.950577 -63.344589 -32.506513 63.028093 -86.848142 -56.725589 13.027586 -45.358927 525.066948 80.019965 95.555112 -5.225629 -27.147207 -63.112790 
63.338013 -78.023734 55.097519 24.003846 32.642460 21.831889 -71.437747 -54.212569 49.356647 -62.835462 -75.605164 -95.992767 49.573349 -20.728088 23.021177 -83.076926 -73.894280 58.836094 58.223888 -31.114734 54.660542 79.723280 -90.826663 76.273426 -72.534976 -95.334623 -89.012006 -24.780368 -83.643828 -1.822655 -33.363316 62.751273 60.639864 -257.994620 -11.557471 -46.412959 -62.602215 44.568413 
61.323628 66.223585 19.801444 2.870271 40.640510 45.055243 43.462416 72.832606 97.611755 -39.239330 -95.422486 34.283598 4.431857 86.227382 23.605606 -60.573404 -57.194508 -68.090257 7.054730 -31.159222 -93.036341 -61.789650 -98.645759 60.730040 89.778510 -92.575989 75.351174 27.174787 -73.353273 -48.452100 65.562444 -92.004063 87.719812 -93.121969 990.615694 -72.203350 78.300335 -6.270180 
17.079369 52.956907 46.740033 -40.268717 3.679197 36.269523 -18.122454 15.908645 -23.405703 20.346071 -43.578858 -29.871024 -42.301470 39.187207 19.384104 -11.369173 -81.687501 78.175872 -98.111548 39.219118 -44.285768 89.099375 93.195074 -70.393598 94.794176 5.715321 57.400948 -62.264243 -75.127911 -74.804828 -44.738352 82.510217 -50.781456 -83.930751 -24.124599 -621.358396 82.943323 28.433806 
86.982866 -78.972736 -94.775370 -89.639572 27.711002 -61.193589 -80.644228 12.454956 -69.562601 61.360221 81.236900 -51.423132 -68.579935 -22.962655 66.659013 -61.965712 -57.727104 -19.434356 -33.216596 -71.335084 71.237322 85.664976 -28.751347 -23.890503 72.323992 -50.661805 -72.960822 -52.536789 14.191530 -82.959210 -95.447612 11.991496 -58.925656 36.494511 -36.752666 97.937206 306.132758 -82.674112 
96.207836 -34.906791 -78.438358 86.513983 40.516747 -35.029353 61.667514 45.904932 -75.800728 17.168501 -49.005579 -36.769272 18.847312 -33.219467 80.415349 -59.226581 -21.146357 -6.814655 66.090851 -11.059720 -80.720768 -73.940315 85.121229 32.488055 26.733065 -97.381411 -89.367287 4.012942 45.514462 -38.444578 61.984369 -28.704716 -40.161015 13.813534 -35.939323 -32.210061 45.510771 995.267502 
-53.909338
-54.246305
82.353412
-86.203300
-18.866485
-89.020330
35.310759
67.932652
-55.925407
61.688341
-4.045050
14.849552
-23.585682
-4.555039
43.458462
6.374209
-68.670042
62.606718
31.117273
-11.989611
90.605234
2.164335
-24.024153
26.066794
-95.389679
-14.331470
-69.010323
-56.492269
-65.570096
-36.609794
99.192516
-71.379791
-80.139520
95.084061
77.807061
-96.725919
-72.517553
-2.512583
