18
-32.322728 -82.468543 -23.626175 -46.814906 95.676265 14.713264 17.444398 -5.289472 -79.809981 58.122763 80.828490 -23.722386 81.386197 83.107958 -18.433361 -82.364004 -35.319937 55.910823 
3.258227 18.941812 53.276771 -14.952612 20.197410 -4.283954 99.412210 -12.495903 66.976815 32.086746 44.022263 -96.113796 28.946195 -88.300465 -78.582339 -94.679980 -35.115371 -82.906074 
20.033284 82.329027 11.804454 40.223303 40.451790 -7.367056 -83.499082 21.837987 -24.259098 -1.932443 39.473983 40.420965 -46.021620 -57.267790 -40.637224 -92.744849 27.779599 79.560186 
2.971197 27.191809 -32.935716 -30.051988 -40.721446 -88.913453 -26.165784 88.224749 -77.213918 -4.748123 93.544769 -12.329289 12.345803 13.578053 -30.000262 -75.849743 -46.198643 -89.548472 
16.783200 -29.697725 32.289515 92.524102 68.369832 -28.236502 32.945066 -77.651788 14.495708 92.307843 -70.396637 -57.724693 71.868029 32.574560 69.467115 -61.067688 -97.477428 -71.254330 
-49.981141 -23.643211 -83.029581 -27.195059 71.608666 -89.484812 60.475653 -16.045531 24.093241 -69.524610 8.104725 77.894598 -59.073082 -75.112074 -51.803128 73.216433 -82.587972 -83.433296 
-55.020069 50.357094 -61.085085 59.475640 42.664937 -31.481722 -98.249053 14.532965 -98.907162 71.218062 53.465278 -96.384590 99.963732 -96.515863 -20.027801 -83.065850 -23.710922 -48.419135 
-72.550662 -63.235269 35.535333 51.542579 -32.759879 -56.359941 29.437177 8.167039 -31.472016 77.634049 -18.616528 -14.059988 94.200752 26.363403 -63.702894 -66.884332 -14.160957 78.962043 
1.633946 -12.410011 -6.504992 2.726784 -41.191949 -53.039714 6.342194 -41.228217 -49.555578 86.314393 -24.294067 26.733501 -62.104743 3.155271 63.498231 73.430591 -45.302150 -69.261648 
-82.929351 84.135026 38.905391 -14.401366 61.769075 -79.711137 71.538646 55.969828 46.652266 -92.164248 89.085496 -67.508691 86.797795 -9.280558 20.081298 -19.707197 93.446226 78.889349 
27.253088 -0.211580 -62.338868 77.697511 -13.897188 13.367066 4.431011 23.998070 -83.477663 -32.070757 -2.571339 -28.779813 -1.332405 14.499310 -44.644787 -62.427015 -99.902057 -82.875712 
-42.138152 71.636589 73.094116 -95.485886 79.472341 62.179612 -62.994577 66.270136 -47.100947 57.086721 -53.437062 -53.654721 35.976070 73.816027 46.133698 73.637202 51.513538 -67.763489 
-12.995732 -44.055451 56.234581 3.526605 23.873792 -46.336759 74.746792 -77.458614 68.162551 -69.897995 -39.885629 68.260494 -52.773707 17.976219 39.897083 -79.679591 22.490333 19.369424 
82.500020 59.495756 -14.360440 -64.600927 16.582477 32.202498 -18.255648 -47.441453 6.018525 -72.121950 -73.804251 -42.467937 -39.885440 13.200017 13.476611 -83.650859 -83.273378 -62.649597 
-29.987618 91.473413 -40.108211 -61.825067 -78.424582 20.006160 -93.564573 -31.198289 -62.017620 46.332510 -10.877881 60.472713 -34.298065 -28.377860 19.968469 51.341495 7.021213 -63.449054 
-16.456007 88.765565 -10.890508 89.562518 -83.356385 15.305241 -52.905419 -23.241825 -71.494742 60.571192 -6.892684 -54.768120 97.921595 63.119698 -63.294707 -42.186616 -98.705369 -41.719289 
77.819544 -92.269942 27.082422 -84.198076 54.062568 -83.795459 76.274637 -80.235497 -12.173319 -3.756893 71.105998 94.847894 32.794052 -45.350009 83.613458 -78.096456 -55.787491 -99.742927 
37.208786 -8.692910 -22.984752 65.714044 -48.121718 70.122564 -89.054076 -50.200123 33.242262 -52.348783 7.613261 34.536893 5.931928 -14.567195 42.266950 -66.985650 1.234730 -3.670481 
-50.781109
-22.490633
16.094022
37.045572
73.752473
-12.799981
31.893465
6.546526
41.850011
15.506924
28.450070
86.062520
15.763997
-34.341144
-22.630390
92.779244
-68.627100
29.247892
