8
-7056.683443 -77.857463 49.616928 -88.287929 -55.230099 -52.272917 49.081934 -79.930004 
16.427426 14362.085676 23.826324 49.019187 65.471434 -21.602193 -68.055350 -6.260282 
-16.561761 46.489236 -8311.548770 -81.334525 10.631078 76.525950 -28.351276 -99.896659 
36.856041 39.480769 -46.719318 -1737.460981 -76.711437 -89.116999 10.590937 1.880398 
3.850322 -87.638386 61.644029 51.188260 -11837.324676 67.227852 98.510967 73.825635 
-12.547796 -90.802552 81.511869 -30.017826 90.401185 -4093.679133 -83.101298 -83.518621 
-97.457532 31.265522 79.630524 -49.778374 -25.129946 41.005287 -3621.411793 32.879942 
13.184730 -4.245747 41.721967 21.105997 -71.515552 38.120089 84.332304 -4046.003161 
58.832433
-3.302331
97.717557
-61.019362
47.576177
12.813145
-49.473974
90.919116
