10
-55.541951 78.946325 76.627651 -79.118307 98.004207 36.935085 74.262186 -46.347394 -0.950011 -84.759602 
-89.805882 -53.412234 -67.902680 91.138457 -53.725489 -74.897946 86.144545 48.613083 35.229157 -9.226522 
-95.236430 73.119295 80.770032 77.018561 54.553657 -53.090858 -24.934964 -53.699928 -56.830402 21.638867 
47.259061 -12.372353 0.585192 23.886711 8.509340 -1.410601 -39.178203 -17.228474 52.242006 59.871786 
-1.988075 62.436124 -93.540449 30.109245 53.574580 -47.265937 55.211299 39.719126 -98.652854 -9.559545 
-69.507396 -93.889284 -36.440250 -88.737364 83.129277 -81.886593 -41.828222 -41.805686 -35.586521 1.341376 
79.833180 -88.327460 88.969023 -19.581628 35.559251 -2.521637 79.007771 96.381048 80.249889 31.249777 
56.252834 -21.738187 -6.314100 62.712385 -91.628942 -52.739519 -84.553552 63.582357 86.979607 -83.206407 
-45.977188 -82.527789 -77.095691 17.582562 -71.265153 -93.966413 35.695968 -13.093375 -35.772100 -99.890553 
88.248001 -55.938920 -88.218014 77.217024 24.479452 47.341237 -25.304614 3.487224 43.722285 -45.054725 
-65.263000
-0.024881
33.207088
28.422901
-37.312496
41.578147
75.683381
-21.866049
5.160503
62.662988
